55,5
55,4
55,3
55,2
55,1
55,0
53,4
53,3
53,2
53,1
53,0
52,4
52,3
52,2
52,1
52,0
45,4
45,3
45,2
45,1
45,0
44,4
44,3
44,2
44,1
44,0
43,4
43,3
43,2
43,1
43,0
41,5
41,4
41,3
41,2
41,1
41,0
38,5
38,4
38,3
38,2
38,1
38,0
36,5
36,4
36,3
36,2
36,1
36,0
34,5
34,4
34,3
34,1
32,4
32,3
32,2
32,1
27,4
27,3
27,1
24,3
24,1
14,5
14,4
14,2
14,0
11,20
11,17
11,14
11,13
10,29
11,12
11,11
10,101
10,139
11,9
10,267
10,245
10,243
10,239
10,197
10,173
10,147
10,125
10,191
10,133
10,153
10,295
10,2
10,3
11,16
11,30
11,25
11,22
11,4
11,27
11,1
11,24
11,2
11,3
9,7
9,1
9,5
9,2
9,3
8,17
8,6
8,13
8,14
8,5
